426 
ASUS01 KWBC 311330
CODSUS
 
CODED SURFACE FRONTAL POSITIONS
NWS WEATHER PREDICTION CENTER COLLEGE PARK MD
930 AM EDT THU OCT 31 2013
 
VALID 103112Z
HIGHS 1026 42123 1026 41118 1022 36112 1022 3382 1017 51118 1022 36108 
LOWS 1009 21114 1018 37112 1016 47120 1001 3993 1000 3697 999 4390 1003 4484 
987 5887 999 5297 1013 51122 1019 38122 1004 6168 992 63104 1007 3098 995 
73126 998 6555 1004 5451 985 60148 1019 45138 
TROF 2085 1785 1585 
TROF 20125 19125 
TROF 43109 42110 40110 39111 38112 
TROF 35103 35101 3599 3698 
TROF 43122 45121 46120 47120 
TROF 3694 3794 3993 
COLD WK 3697 3598 3398 3199 30102 
STNRY WK 3696 3697 3697 
TROF 3882 3781 3780 3780 
COLD WK 4390 4291 4192 4093 3994 3894 3796 3696 
STNRY WK 4484 4484 4385 4387 4388 4389 4390 4391 
TROF 4792 4592 4491 4391 
TROF 5351 5050 4651 
TROF 47119 48119 48119 50119 51121 
TROF 42102 43100 4599 4898 5097 
TROF 50105 50101 5198 5297 
TROF 39124 39123 38122 
TROF 38122 38121 37121 
TROF 34118 34120 36122 37123 
WARM WK 4484 4483 4482 4380 4379 4278 4178 4179 4079 
WARM WK 4079 4079 3979 3979 3978 3978 
COLD WK 5887 5989 6092 6197 6299 
STNRY WK 6299 62101 63104 
WARM WK 3978 3977 3976 3976 3975 4174 4172 
COLD WK 63104 63106 62111 61117 61121 62125 64130 65134 
WARM WK 5887 5784 5681 5377 5275 5074 
TROF 62138 60136 58133 
TROF 73126 76128 78133 81143 
TROF 63104 65107 67114 70121 72126 
STNRY WK 65134 66138 66143 65147 64149 62151 61151 
TROF 4889 5087 5285 
TROF 3194 3095 3095 3096 
TROF 29101 29100 2999 3098 3098 
TROF 6555 6753 6953 7357 7666 7769 7969 8065 
TROF 6555 6352 6151 
COLD WK 45138 44139 43140 
TROF 58156 57162 
STNRY WK 47125 46125 45127 44129 44132 44135 45137 45138 
 
$$