985 
ASUS02 KWBC 310000
CODSUS

CODED SURFACE FRONTAL POSITIONS
NWS WEATHER PREDICTION CENTER COLLEGE PARK MD
920 PM EDT WED OCT 30 2013

VALID 103100Z
HIGHS 1014 7090765 1011 4010995 1020 4041171 1020 4691179 1025 3790681 1023
4750489
LOWS 1008 2091142 1007 2441023 988 5970942 986 6661109 1004 6050660 1005
4060947 1004 3711025 995 6450524 976 5821510 999 6461765
TROF 1350804 1440804 1920795
OCFNT 5721526 5831534 5931525 6011498 6021451 5961396 5761355 5361306 4961285
COLD 4961285 4721305 4561329 4441356 4381388 4371418
TROF 6030658 5670641 5280597 4910580 4560590
TROF 6661118 6821177 7081246 7431312 7791385 8061442
WARM 5970940 5880915 5680875 5490840 5320805 5220782
STNRY 6000947 6170989 6421054 6641105
COLD 6641113 6631118 6551161 6511230 6581296 6671354
STNRY 6671362 6681369 6671421 6571480 6461516
TROF 6601621 6841675 6951755
WARM 4070947 4100933 4050899 4080870 4100852 4050830 3940810
STNRY 3600755 3760764 3850780 3870798 3950811
COLD 4040948 3970950 3830958 3710969 3630986 3621003 3691016
STNRY 3691015 3711019 3711025
STNRY 3691026 3551036 3341056 3181079
TROF 4090949 4260947 4420941 4560931
TROF 3731027 3821032 3881040 3921050
TROF 4001231 3761221 3551208 3421186 3331172 3261166
TROF 5341244 5231222 5031202 4861195
TROF 5810927 5620936 5310962 5020997 4711045 4541088 4461120 4421153 4441179
STNRY 6470329 5970387
TROF 5880438 6010478 6220507 6480525 7040544 7660688
WARM 6461765 6451738 6391718
COLD 6461766 6281752 6091767
WARM 4961285 4661274 4221276
TROF 6911711 6881700

$$